tax	#sample ID	Dothideomycetes	Sordariomycetes	Tremellomycetes	Eurotiomycetes	Cystobasidiomycetes	unclassified_k__Fungi	Leotiomycetes	Agaricomycetes	Arthoniomycetes	others
Low_latitudes	L1	0.236790587	0.002860476	0.011573769	0.08555054	0.245006847	0.409778364	0.000963635	0.003195212	0.002596744	0.001683791
Low_latitudes	L2	0.597709258	0.004160269	0.020676848	0.007117069	0.024380628	0.095416442	0.003174669	0.001525086	0.243754409	0.002085249
Low_latitudes	L3	0.179186034	0.004994145	0.292685307	0.342688855	0.015683213	0.109108328	0.000363694	0.000390306	0.027933506	0.026966552
Low_latitudes	L4	0.239166636	0.004866225	0.281639714	0.054240832	0.374995374	0.039216593	0.000444066	0.000518077	0.001424712	0.003487942
Low_latitudes	L5	0.729642425	0.145190446	0.007444567	0.014365019	0.004085955	0.056914569	0.001315635	0.021745409	0	0.019296035
Low_latitudes	L6	0.864558121	0.038291045	0.00280112	0.003481004	0.034302394	0.036586803	0.000453256	0.013661128	2.72E-05	0.00583791
Low_latitudes	L7	0.844049915	0.107498896	0.000987614	0.007633676	0.001463993	0.010898613	0.000499617	0.020391328	3.49E-05	0.006541621
Low_latitudes	L8	0.728448959	0.154572337	0.022388269	0.027873394	0.004776164	0.029851025	0.000736947	0.016940457	0.000531721	0.013880755
Low_latitudes	L9	0.906244306	0.028774825	0.005205758	0.030753013	0.003735131	0.006884614	2.60E-05	0.016085791	0	0.002290703
Low_latitudes	L10	0.654918602	0.127929996	0.016079439	0.018195986	0.006086389	0.048564749	0.007634311	0.106743466	0	0.013847061
Low_latitudes	L11	0.386453018	0.201189586	0.012719255	0.192468121	0.021505726	0.063747955	0.043347309	0.055199835	0.001581781	0.021787404
Low_latitudes	L12	0.138470604	0.008839057	0.049546501	0.005829	0.765454415	0.017725894	4.78E-05	0.008162193	0	0.005924586
Low_latitudes	L13	0.958740989	0.019549066	0.001296528	0.002262027	0.002170075	0.004009122	0.000891938	0.00787112	0.000340224	0.002869027
Low_latitudes	L14	0.806220196	0.042885953	0.001575531	0.024357709	0.003067034	0.013286978	0.003613218	0.098113564	0	0.00687973
Low_latitudes	L15	0.769409796	0.107952414	0.007664862	0.015839432	0.004481588	0.033121436	0.032688664	0.020898049	0	0.007943776
Low_latitudes	L16	0.84605082	0.03319816	0.007924402	0.019780002	0.001314533	0.023624391	0.008184828	0.03804705	0.000533254	0.021342551
Low_latitudes	L17	0.534139187	0.101739834	0.027402387	0.040309529	0.010439005	0.042838357	0.07782723	0.113534291	0.000859802	0.050910371
Low_latitudes	L18	0.901009783	0.042684618	0.003458416	0.007490152	0.001137393	0.008840229	0.024606536	0.006574689	8.32E-05	0.004114952
Low_latitudes	L19	0.426678884	0.119764823	0.001593937	0.165731302	0.017981904	0.066219982	0.001116711	0.121626007	0.05550147	0.023784969
Low_latitudes	L20	0.666085257	0.190449664	0.000365283	0.023615576	0.001114115	0.081430815	0.010164012	0.016784775	0.000210038	0.009780476
Low_latitudes	L21	0.981576024	0.012868655	2.81E-05	0.000450051	0.000140641	0.001279833	7.03E-05	0.00298159	0	0.000604823
Mid_latitudes	M1	0.683038485	0.08622639	0.015994945	0.033719074	0.006262747	0.075673938	0.055998936	0.031058792	0.000465549	0.01156116
Mid_latitudes	M2	0.777346278	0.037793285	0.041221683	0.018497168	0.022289644	0.041980178	0.028883495	0.014755259	0.002609223	0.014623802
Mid_latitudes	M3	0.687260384	0.020707232	0.007437027	0.075304017	0.005547561	0.013654689	0.175720359	0.001307247	0.001483011	0.011578524
Mid_latitudes	M4	0.821124999	0.029942184	0.011986723	0.017069015	0.010676752	0.011513952	0.079986999	0.012715579	0.002078224	0.002905541
Mid_latitudes	M5	0.805129722	0.065522282	0.025352799	0.009692182	0.005942334	0.008456733	0.067897475	0.002766709	0.001374654	0.007865104
Mid_latitudes	M6	0.539306513	0.040420462	0.289394682	0.012868485	0.008533113	0.00861053	0.071439017	0.007844959	0.000421494	0.021160667
Mid_latitudes	M7	0.832764445	0.024392165	0.034010748	0.024803515	0.005557598	0.027963031	0.044338252	0.002503107	0.000752683	0.002914441
Mid_latitudes	M8	0.889332516	0.08058955	0.003231258	0.008901434	0.001318502	0.003132215	0.008895244	0.002643194	0.00041474	0.00154151
Mid_latitudes	M9	0.928003206	0.019935697	0.00812066	0.009331788	0.004652824	0.005245319	0.016659551	0.00406033	0.000923594	0.003067049
Mid_latitudes	M10	0.820477502	0.112468984	0.012513921	0.010716449	0.002256609	0.008498916	0.013656878	0.012963289	0.000312604	0.006134792
Mid_latitudes	M11	0.982736411	0.009431141	0.0008281	0.00057507	0.000241529	0.000920111	0.002748833	0.001909231	5.75E-05	0.000552053
Mid_latitudes	M12	0.904787292	0.035932134	0.007189563	0.004296489	0.00203848	0.005441174	0.016809622	0.019138193	0.000148966	0.004218158
Mid_latitudes	M13	0.891646063	0.055254383	0.005409758	0.002733232	0.002052759	0.020629664	0.003039445	0.012770204	0	0.006464461
Mid_latitudes	M14	0.677869	0.041693891	0.116142534	0.00497145	0.009706164	0.007802809	0.081096181	0.051826179	0.000123103	0.008768649
Mid_latitudes	M15	0.721601408	0.046821381	0.010206775	0.053552574	0.002617686	0.031962165	0.057402112	0.065805103	0.000659921	0.009370903
Mid_latitudes	M16	0.948448212	0.009573472	0.028217079	0.001238209	0.002607286	0.001006674	0.002355618	0.000956341	4.03E-05	0.005556774
Mid_latitudes	M17	0.830688617	0.128804489	0.011817607	0.006726374	0.001523654	0.003059695	0.015100276	0.001028157	8.67E-05	0.001164394
Mid_latitudes	M18	0.879181545	0.006775778	0.05068428	0.006105512	0.0050209	0.006251752	0.030113214	0.012978783	0.000487466	0.002400717
Mid_latitudes	M19	0.919641817	0.011167004	0.016698107	0.007568877	0.009560074	0.005042036	0.018607792	0.004622837	0.000174666	0.006916845
Mid_latitudes	M20	0.87214959	0.059501368	0.011908381	0.009709131	0.00979021	0.007874734	0.016823756	0.008665248	5.07E-05	0.003526825
Mid_latitudes	M21	0.953890336	0.01624257	0.002684833	0.005062446	0.003699993	0.004568223	0.002284111	0.009510452	0	0.002057002
High_latitudes	H1	0.570357882	0.131974463	0.015205389	0.079974112	0.006440117	0.018281623	0.165964859	0.004666288	0.00071113	0.00642432
High_latitudes	H2	0.820944282	0.042412253	0.029812523	0.021267689	0.002757987	0.02034836	0.049651968	0.002930361	0.004383229	0.005491348
High_latitudes	H3	0.724866478	0.023993517	0.023603079	0.141264872	0.010291355	0.017562341	0.04729456	0.002232126	0.001178681	0.007713053
High_latitudes	H4	0.74704766	0.070180022	0.013299936	0.02309625	0.003757174	0.013906923	0.114843528	0.003849375	0.002896635	0.007122643
High_latitudes	H5	0.803290617	0.055736346	0.036352428	0.028904071	0.002314347	0.012087157	0.04488216	0.008974411	0.004386142	0.00307227
High_latitudes	H6	0.837401806	0.088202288	0.011561943	0.016740623	0.002666557	0.015052147	0.011088346	0.009821989	0.004180008	0.003284354
High_latitudes	H7	0.825530573	0.033856658	0.023886666	0.06958337	0.003098634	0.007523702	0.028409585	0.004772984	0.001054623	0.002283195
High_latitudes	H8	0.883944023	0.042207029	0.006441619	0.038788591	0.001933554	0.004048713	0.016034612	0.003450486	0.000758466	0.002392985
High_latitudes	H9	0.993266233	0.001268509	0.002667425	0.001007694	0.000130407	0.000177828	0.000367512	0.000580906	3.56E-05	0.000497878
High_latitudes	H10	0.916009959	0.014287672	0.029843075	0.006372919	0.001050732	0.006350077	0.019404281	0.001016469	0.00125631	0.004408538
High_latitudes	H11	0.861107531	0.012037083	0.017837489	0.071300382	0.011650389	0.005810322	0.013335977	0.000773388	5.95E-05	0.006087906
High_latitudes	H12	0.775025724	0.079303249	0.039047899	0.054986246	0.00341236	0.009670104	0.016326831	0.011980009	0.001658932	0.008588652
High_latitudes	H13	0.939669493	0.014336057	0.022373083	0.007902595	0.000758572	0.004484219	0.002294921	0.00594375	0.000172839	0.002064422
High_latitudes	H14	0.88712606	0.019834301	0.006369996	0.005447239	0.000396884	0.020985266	0.029815945	0.015210597	0.003502505	0.011311242
High_latitudes	H15	0.709376064	0.003128996	0.252555561	0.003360297	0.008853708	0.007337398	0.00452323	0.006341517	0	0.004523329
High_latitudes	H16	0.651034698	0.005849781	0.277371407	0.003584089	0.022422532	0.012656621	0.007431858	0.008427981	0.000410168	0.010810984
High_latitudes	H17	0.751914878	0.002697808	0.195392974	0.002292193	0.004867374	0.014922839	0.003122288	0.019507226	0.000792363	0.004490064
High_latitudes	H18	0.902692338	0.010082288	0.011440441	0.013493649	0.000671087	0.045921547	0.002947991	0.004633698	0.00166174	0.006455228
High_latitudes	H19	0.745036243	0.014318731	0.11756487	0.002216619	0	0.1039605	0.001449732	0.001502259	0.010368736	0.003582309
High_latitudes	H20	0.806735577	0.042176142	0.03988613	0.024664902	0.001932854	0.034423715	0.034602294	0.003298458	0.006449851	0.005830007
High_latitudes	H21	0.91248074	0.012392025	0.01828454	0.006919737	0.001736938	0.015324275	0.012494747	0.008806089	0.00615399	0.005406945
