tax	D31	D32	D33	D34	D35	D36	D37	D38	D39	D40	D41	D42	D43	D44	D45	D46	D47	D48	D82	D83	D84	D1	D2	D3	D4	D5	D6	D7	D18	D19	D20	D21	D22	D23	D24	D25	D26	D27	D28	D29	D30	D81	D9	D10	D11	D12	D13	D14	D15	D16	D55	D56	D57	D59	D60	D63	D64	D65	D67	D68	D72	D73	D75
AAC(3)-Iic	0	0	0	0	0	0.002197055	0	0	0	0	0	0	0.002549289	0.00025628	0.00237562	0	0	0	0	0	0	0	0.000294137	0.000201092	0.000158993	0.001086208	8.36188E-05	2.6235E-09	0.00017981	0	0.00010182	0	0.000380442	0	0	0.000277316	0	0.000140755	0	0.001026533	6.70141E-05	0	7.79907E-05	0	0.000350078	0	0.00089416	0.000186133	0.001251414	0.000475643	0	0	0	0	0.000675381	0	0	0	0	0	0	0	0
Aac(3)-iid_iia_iie	0.00025142	0.000994022	0	0.000271171	0	0	0	0	0	0	0	0	0	0	0	0	0.000670167	0.000803819	0	0	0	0.00048278	0	0	0.000266834	0.000450478	0	5.05403E-09	0	0.000588379	0.000269401	0	0.000369139	0.000431068	0.000293573	0	0	0	0	0.000338925	0.000120116	0	0.000140381	0.001128964	0	0	0.000371395	0	0.001313521	0	0	0.002380959	0.000521214	0.000839851	0	0	0	0	0	0	0	0	0
AAC(3)-IV	0	0	0.0001005	0.000252622	0	0	0	0.000735131	0.001151871	0.003008022	0	0.000430155	0.001049956	0	0	0	0	0	0	0	0	0	0.00061037	0.000418825	0	0.000507584	0	0	0.000464191	0	0	0.000389808	0.000137345	0	0	8.35634E-05	0.000768743	8.34267E-05	0.000237824	0	0	0	0	0	0	0	0.002070766	0	0	0	0	0	0	0.001554472	0	0	0	0	0	0	0	0.006995923	0
AAC(3)-Via	0.03990589	0	0.037453637	0.007626162	0	0.01791575	0.006490169	0.023224587	0.0163897	0.034876589	0.027384449	0	0.016855165	0.015503616	0.013536613	0.03576564	0	0.013614165	0.014480115	0.040821504	0.027216608	0.025690645	0.016534231	0.01827915	0.01309785	0.008914685	0.01022504	2.7679E-07	0.007257249	0.003921462	0.004886164	0.014883429	0	0.010459068	0.00838776	0.006160018	0.011507871	0.009457253	0.004848741	0.003086192	0.00153033	0.004121715	0.008916348	0.005837582	0.012247459	0.010288309	0.007230927	0.015367988	0.018672093	0.010146027	0	0	0.009747158	0.005067771	0.010348038	0.007004675	0	0.009323372	0.008224983	0	0.005289492	0.024488941	0
AAC(6')-Ib	0	0	0	0	0.009353432	0	0.005808701	0	0.005521791	0	0	0	0.003604823	0.000897774	0.007890454	0	0	0.001705961	0	0	0.000520588	0	0.000289203	0.000483253	0.000371819	0.000926836	0.000411726	8.73384E-09	0.002966054	0.000325358	0	0.001131235	0.002942382	0.001006744	0.000688405	0.000436058	0.000595563	0	8.30868E-05	0.000792582	0	0	0.000509432	0	0.001411426	0.001639699	0.001160385	0.000811125	0.005660672	0.001707281	0	0	0	0.000309316	0	0	0.001920561	0	0.001037039	0	0.003555707	0	0
aac(6')-ie-aph(2'')-ia	0	0	0	0	0	0.014973351	0.021646316	0	0	0	0	0	0.01025659	0.001037161	0	0	0.001745814	0	0	0	0.001544892	0.000678524	0	0.00103362	0	0	0.000105005	9.02672E-09	0.00435148	0.000795313	0.0002457	0	0.001858271	0.000889883	0.000971532	0	0.000266169	0.000134764	0.000456001	0.000322105	0.000146171	0	0.000537121	0	0.000740959	0.000423068	0.006254304	0.000533357	0.004030185	0.002083234	0	0	0	0	0	0	0	0	0	0	0	0	0
AAC(6')-IIa	0	0	0	0	0	0	0.005741165	0	0.002739038	0	0	0	0.003798105	0.001270402	0.002904176	0	0	0	0	0	0	0	0	0.000181292	9.12229E-05	0.000824964	0.000371346	4.78436E-09	0.001173062	0.000610749	0.000102309	0	0	0.000279821	0	0	0	6.32131E-05	0.000128178	0.000337195	0	0	0.000158494	0	0.000203484	0.000494195	0.001115645	0.000240068	0.001005264	0.000405466	0	0	0.000401599	0.000321405	0	0	0	0	0	0	0	0	0
AAC(6')-Im	6.30465E-05	0.001959097	0	0	0.00363993	0	0	0	0	0	0	0.00153981	0	0	0.000245933	0	0	0	0.000984619	0	0.000867176	0	0	0	0.000124711	0	0	1.11583E-09	0	0.000611556	4.20377E-05	0	0	0.000220878	0	0.00011595	0	0	0	0	0.000119666	0.000451968	0	0	5.42728E-05	0	0.000859221	0.000328772	0.000481308	0.000105784	0.001531842	0.001400432	0	0.000722236	0.000422621	0	0.000698469	0.001070321	0	0	0	0.00422617	0
AAC(6')-Ir	0	0.001752556	0	0	0	0	0	0	0	0	0	0	0.000149095	0	0.000141043	0.003922302	0	0	0.002383905	0.004029795	0.01011279	0	0	0	6.29873E-05	0	0	3.04418E-09	8.10343E-05	0	0.001377711	0	0	0	0	0	0	0	6.70293E-05	0	0	0.000289583	0	0	0	0	0	0	4.05041E-05	0	0	0	0	0	0	0	0	0.001221344	0	0	0	0	0
aacA_aphD	0	0	0	0	0	0	0.008053673	0.001183775	0.012815838	0	0.001344216	0	0.007735831	0.001054032	0.002517544	0	0	0	0	0	0	0	0.000464477	0.001065099	0.000307732	0.00098752	0.000134866	3.62953E-08	0.004393008	0.000783659	0.000716793	0	0.001447655	0	0.000929831	0.000185212	0.000884759	0.000670741	0	0	0	0	0.000511548	0.000597872	0.000656726	0.001004361	0.003742424	0.001268192	0.004098406	0.00203852	0.000333353	0.003772663	0.000466709	0.000415629	0	0	0	0	0	0	0	0	0
aacA43	0.000322512	0.006247741	0.000476718	0.000312529	0.009534326	0.014911008	0.008313923	0.008464416	0.003848708	0.01228245	0.000269042	0.001831483	6.98104E-05	0	0.000690501	0.016967076	0.006867932	0.030181721	0.004023648	0.021164743	0.001617134	0.000426984	0.000430235	0.000540314	0.000392052	0.001021941	9.98725E-05	1.03333E-08	0.000137015	0.000379843	0.000126043	0.003069439	0.000369159	0.00119282	0.001621138	0.000419428	0.000663277	0.000192961	0.000385739	0	0.000464701	0.000244144	0	0.004738872	0.000210946	0.000395676	0.000256231	0.000220809	5.6125E-05	4.37534E-05	0.002099457	0.010072633	0.000935707	0.002896063	0.001282162	0.006204989	0.004858833	0.003714249	0.002351814	0.16604629	0.011522826	0.256505097	0.323924654
aadA	0.000629337	0	0.000176205	0	0	0	0.010604861	0.001531789	0.008928058	0	0.001466699	0	0.022064495	0.001178349	0.005955291	0.005376096	0.001550826	0	0.000293971	0	0	0.000239047	0	0.000529075	0.000385827	0.003616821	0.001760565	2.68615E-08	0.003905108	0.0007382	0.001566805	0	0.003214349	0	0.002678638	0.000564608	0.000632505	0.000428104	0.000901652	0	0.000138383	0.001332309	0.001653587	0.001216133	0.001540278	0.0008882	0.0034142	0.001771862	0.006482955	0.00226442	0.000488776	0	0.006452663	0.002990226	0.000314995	0	0	0	0	0	0	0	0
aadA16	9.04705E-05	0	0.000806226	0	0	0	0	0	0	0.005870783	0	0	0	0	0.001379387	0	0	0.000417508	0	0	0	0	0	0	7.72593E-05	0	0	1.89973E-09	0	0.000414837	0.00015541	0	0.000930563	0	0	6.24643E-05	0	0.000250589	0	0	0	0	0	0	0	0	0	0	0	0	0.00048075	0.002537359	0	0	0	0	0	0	0	0	0	0.010602298	0
aadA17	0	0	0.000286311	0	0	0.012498733	0	0	0.002258032	0	0	0.00034216	0	0.000108152	0.005239635	0	0	0	0.001266441	0	0	0.000116482	0	0	0	0	0	0	0.001285444	0.00065712	0.000146187	0.002964538	0.001020375	0.000135229	0.002287152	0.000230322	0.000480298	0	6.5055E-05	0.000746023	0.000109308	5.93864E-05	0.000669006	0	0	0	0	0	0	0	0.002018622	0	0.000883702	0	0.000125111	0	0	0.003279661	0	0	0	0	0
aadA2	0.0001402	0	0	0	0.037381007	0.022460478	0.042027833	0.005274168	0.028756233	0.005946864	0.002215863	0	0.033813802	0.007530937	0.00722853	0	0.004377468	0.0014145	0.001373131	0.007619948	0.000574245	0	0.001888422	0.000358804	0.00097457	0.006750905	0.002701419	3.62344E-08	0.010253544	0.003658836	0.002096863	0.00122283	0.005857334	0.004258376	0.004212472	0.001346418	0.000799704	0.001775182	6.25299E-05	0.000525552	0.00031358	0.001384752	0.00165377	0.001023524	0.002897203	0.000422358	0.004448924	0.003013138	0.012924745	0.004289671	0.006408509	0	0.003216881	0.003895139	0.000331571	0	0	0	0	0	0	0	0
aadA21	0.000265231	0	0.000748868	0	0.009533799	0	0.020785573	0.005316967	0.012304529	0.002128472	0.002504102	0	0.01678603	0.003855254	0.005867742	0	0.002567669	0.00411162	0	0	0.001245877	0.000180296	0.000623685	0.001333046	0.000325943	0.005632938	0.000904047	1.62379E-08	0.006282753	0.001174676	0.00010817	0.002527022	0.003160844	0.00153814	0.00174042	0.000258531	0.000760445	0.000700072	0.000493819	0.001208971	0	0.001282933	0.001666349	0	0.001985432	0.002081637	0.004739822	0.000908021	0.007172524	0.00248458	0.003430868	0.002140563	0.001949014	0.001718735	0	0	0.000831119	0.001942938	0	0	0	0	0
aadA5	0.00018757	0	0	0	0	0	0.005465325	0.003844988	0.008361439	0	0.000594585	0	0.006230286	0.000789751	0.003773132	0	0.000357026	0.001083158	0	0	0	0.000321787	0.001103855	0.000309666	0.00027639	0.000647362	0.000534113	9.49804E-09	0.003046709	0.000523371	0.000201425	0.001650232	0.001388555	0.000411225	0.00199467	0.00045394	0.000244627	0.000243247	0	0.000209074	0	0	0	0	0.000425589	0.001884903	0.001360169	0.000554615	0.002029261	0.000601376	0	0	0.000582728	0.000572395	0.000580005	0	0	0	0	0	0.001288671	0	0
aadA7	0.000640392	0.002244161	0.003342674	0.00045708	0	0	0.001511983	0	0.001679546	0.001166452	0	0.002491438	0	0.000926203	0.000819081	0.004182809	0	0	0.000621886	0	0.002414432	0.00183598	0	0.001983965	0.000913015	0	0.00076295	5.62084E-08	0.001067309	0.000385763	0	0.001282127	0	0.002581737	0.001917419	0.000658215	0.000914334	0	0.000342254	0.000927016	0.000225816	0.001137881	0.000851575	0.000756861	0.002626854	0.00132558	0.001080312	0.002216001	0.001278457	0.00086369	0	0	0.000202887	0	0	0	0.00067799	0.000659294	0.000807218	0	0	0	0
aadA9	0	0	0	0	0	0.007208784	0	0	0.001780328	0	0	0	0.003001795	0.000537269	0	0	0	0	0	0	0.000613901	0	0.000743733	0.000613956	0	0.001351291	4.34615E-05	0	0.000881264	0	0.000131335	0	0.000485884	0.000186971	0	0.000256484	0	0.000225038	0	0	0	0	0	0	0	0	0.000551449	9.06788E-05	0.000523321	0.000182709	0	0	0	0	0.000354975	0.002401441	0	0	0	0	0	0	0
ACT beta-lac	0	0	0.001017876	0.000281399	0	0	0	0	0	0	0	0	9.5667E-05	0.00014076	0.000252012	0.002841587	0	0	0	0.001362003	0	0	0.000952079	0.000103178	0.000560404	8.58138E-05	2.84239E-05	3.19789E-09	0.000141064	6.51054E-05	4.861E-05	0	0	0.000375289	0	3.89365E-05	0.00035499	0	6.22584E-05	0	0	8.2385E-05	4.55426E-05	0	5.92909E-05	0	0	7.67275E-05	0.000176974	0	0.000366195	0	0.000202421	0	0	0	0	0	0	0	0	0	0
ANT(2'')-Ia	0	0	0	0	0	0	0	0	0	0	0	0	0.00168967	0	0.001390887	0	0	0	0	0	0	0	0	0	0.000113933	0	7.73058E-05	0	0	0	0	0	0	0.000461369	0	6.9225E-05	0	0.000126592	8.8492E-05	7.75309E-05	0	7.96117E-05	0	0	0	0	0.00077273	0	0.000200058	0	0	0	0	0	0	0	0	0	0	0	0	0	0
ANT(4')	0	0.004290975	0	0	0	0.007148682	0.017846087	0	0.018020507	0	0.002444522	0.001234508	0.003435777	0.002255101	0.009977276	0.009888969	0	0	0.001944482	0	0.00170898	0	0	0.001455285	0.000611733	0.003556911	0.000144238	7.36899E-09	0.010250782	0.003217881	0.000669741	0.001304398	0.00058892	0	0.001120456	0.000118207	0.001398112	0.000709405	4.80552E-05	0.00057323	5.84568E-05	0	0.002498193	0.001172236	0.000355739	0.003895112	0.008327028	0.000997496	0.007298977	0.005365745	0.001013925	0	0.001340738	0.003268534	0	0	0	0	0	0	0	0	0
ANT(6)	0	0.001701853	0	0.000224738	0	0.003214038	0.00738591	0.001316019	0.004253437	0	0.001462026	0	0.007011888	0.001445636	0.001606889	0	0.001793598	0	0	0	0.001748264	0	0.000407406	0.000749468	0.000254284	0.001504347	0.000378274	1.65273E-08	0.009943288	0.002824815	0	0.002851163	0.006458996	0.001572693	0.004574546	0.001133535	0.002401159	0.000759018	0.000394582	0.000193167	0	0.000130871	0.001295186	0.000934493	0.001451329	0.001700631	0.004637319	0.001622303	0.002717009	0.002855124	0.001219018	0	0.001473595	0.000742634	0	0.0011794	0	0	0	0	0	0	0
APH(3')-Ia	0	0	0	0	0	0	0	0.003092616	0.012153826	0	0.001672045	0	0.004931977	0.000423126	0.004753166	0	0	0	0	0	0	0	0	0.00078025	0.000216455	0.00162041	0.000166784	1.78977E-08	0.002491231	0.000731889	0.00030099	0.005436821	0.00232317	0	0.002364896	0	0	0	0	0	0.000129472	0	0	0	0.000364658	0.000325372	0.001058549	0.000867056	0.002611692	0.001013883	0.000399221	0	0	0	0	0	0	0	0	0	0	0	0
APH(3')-Ib	0	0	0	0	0	0	0	0	0	0	0	0	0.002734557	0.000686947	0.007861239	0	0	0	0	0	0	0	0	0	0.00077892	0.000190922	0.000276057	0	0.001542972	0.000393004	0	0	0.000359049	0.000737298	0	0	0.000104703	0.000181759	0	0	0	0	0	0	0.00047062	0.0004243	0.001827187	0.000682171	0.001683717	0.000658434	0	0	0	0	0	0	0	0	0	0	0	0	0
APH(4)-Ib	0.000821756	0	0.002295779	0	0	0	0	0.001449977	0	0	0	0.000921703	0.000559452	0.00063515	0.000817922	0	0	0.001171499	0	0	0	0.000822352	0.000375896	0.000529656	0.000396798	0.000461671	0.000481012	2.31818E-08	0	0.000453213	0.064711281	0	0.000717304	0.001389821	0	0	0.001007913	0.000962986	0	0	8.86731E-05	0.00058988	0.00065903	0.00569869	0.001373995	0.001090832	0.00051342	0	0.001380721	0.000439836	0.000426678	0	0	0.001102605	0	0	0.000464682	0.000801584	0	0	0	0	0
APH(6)-Ia	0.000654507	0	0	0.000535069	0.004672852	0	0	0	0.001908183	0.002413932	0	0	0.000346893	0.000535069	0	0.001847443	0	0	0.001275405	0	0	0	0	0.000231669	0	0.000294204	0.000204318	8.32076E-09	0	0.000199914	0	0.003354146	0.000300963	0.001431011	0	0	0	0	0.000455982	0	0.000297636	0	0.00023307	0	0.000294308	0	0.000163139	0	0	0	0.001452844	0	0	0	0	0.001604593	0.002652363	0	0.004254377	0.003636873	0	0.021398927	0.012361239
APH(6)-Ic	0	0	0.000442017	0.000227006	0	0.001349594	0	0.001159351	0	0	0	0	0.000318182	0.000266756	0	0	0.000506191	0	0	0	0	0	0	0.000577918	0	0.000535139	0.00022429	0	0	0	3.3854E-05	0	0	0	0.000569135	0	0	0.000668729	0	0	0	0	0.000548099	0	0	0.000488199	0.000239082	0.000489729	0.000483093	0.000554493	0	0	0.000436338	0	0	0	0	0.001868697	0	0	0	0	0
APH(6)-Id	0	0	0	0.000281652	0	0	0.013980896	0.002900427	0.019708202	0	0	0	0.021355365	0.00262301	0.015098715	0	0.005993838	0	0	0	0	0.000584256	0.002131062	0.000366104	0.000768053	0.002928654	0.002514902	6.54662E-08	0.005498193	0.001824513	0.002028813	0.003684376	0.004853332	0.000418649	0.009101731	0.001725325	0.00098434	0.000927323	0.000472852	0.000641277	0.000172835	0.000415161	0.001085458	0	0.002557296	0.002416969	0.0066529	0.002731819	0.013196295	0.004301451	0.001937283	0.001535953	0.00180799	0.004099879	0.001693491	0.002783345	0	0	0.002930009	0	0	0	0
APH(9)-Ib	0.000961849	0	0.001531726	0.000188669	0	0.003548346	0	0.001349267	0.000724619	0	0.0009576	0.000748092	0	0.000552104	0	0	0	0.00161138	0	0	0	0.000749406	0	0.000810834	0	0	0.000140479	0	0	0	0	0.003647607	0.000373518	0	0.000423834	0.000401333	0	0.000591872	0.000217574	0	0.000151101	0.000453845	0.000409496	0.000194552	0.001252642	0	0	0	0.000513981	0	0.00037946	0	0	0.00034813	0	0	0	0	0	0	0	0	0
APH3-III	0	0	0	0	0.017143441	0	0.007234175	0.005011757	0	0	0.000459114	0	0.000915301	0.001821264	0.003842652	0.003261813	0	0	0	0	0	0	0	0.000649943	0	0.002900508	0.000597612	6.13509E-09	0.007514204	0.001036881	0.000671376	0.002172786	0.00517918	0	0.002577193	0.000391135	0.001032079	0.00031095	0	0.00093012	0	0	0.000869503	0.001974763	0.00125768	0.001952046	0.010232247	0.001650369	0.001904246	0.005085516	0	0	0.001433593	0.004570977	0	0	0	0	0	0	0	0	0
APHA3	0	0	0	0.000215192	0.013148433	0.015781199	0.006551564	0.000907031	0.002604216	0.00758361	0.00083528	0	0.001582501	0.000475541	0.003145097	0.007282207	0	0	0	0	0.000658374	7.33566E-05	0	0.000911597	0.000406217	0.002820214	0.00051904	2.96101E-08	0.009134547	0.001676081	0.000245011	0.004677211	0.00391502	0	0.004284045	0.001775256	0.001641671	0.000545045	0.000102676	0.00076177	8.58565E-05	0.000126807	0.00266673	0.000624047	0.001816766	0.003177854	0.007447337	0.002777659	0.004137576	0.004711585	0.003896781	0.001950374	0.001311336	0.005554654	0.000905153	0	0	0	0	0	0	0	0
blaSFO	3.12825E-05	0	6.87038E-05	0.000103056	0	0	0	0	0	0	0	0	0.000659535	0	0	0	0	0	0	0	0	0	0	0.000123044	0	0	0	1.76566E-09	0	0	0	0	0	0	0	0	0	5.1169E-05	0	0	8.46872E-05	0	0	0.000498102	9.09071E-05	0	8.70845E-05	0	0.000155385	0.000117884	0	0	0	0	0	0	0	0	0	0	0	0	0
CARB-2	0	0	0	0	0	0	0	0	0	0	0	0	0.000540329	0	0.000587007	0	0	0	0	0	0	0	0	0	0	0.00015255	9.13087E-05	1.54522E-09	0.000132586	0	0	0	0.000112251	0	0	0	0	0	0	0	0	0.000153186	0	0	0	0	9.92693E-05	0	6.32948E-05	7.71175E-05	0	0	0	0	0	0	0	0	0	0	0	0	0
catB3	0.000180817	0	0	0	0	0.002835763	0.005742434	0	0	0	0	0	0.003214748	0.001558698	0.001052526	0	0.001671341	0	0	0	0	0.000166953	0.000269343	0	0.000154731	0.00055114	0.000210357	7.69671E-09	0.000715967	0.000150878	0	0	0.003308651	0.000133316	0.00074863	0	0.000289209	0	0.000127363	0.000355358	0	0.00029878	0.000345435	0	0.000100992	0.000343135	0.000511685	0.000303095	0.001533854	0.000576275	0	0	0	0.00070647	0	0	0	0	0	0	0	0	0
catQ	0	0	0	0.000182569	0.002422719	0	0.003182951	0	0	0	0	0.000403317	0.000147527	0	0	0.001979748	0.000230914	0	0.000412953	0	0.000256346	0	0.000118082	0.000910622	0	0	5.31982E-05	0	6.60243E-05	0.000110906	2.43113E-05	0	0.000137926	0	0.000209441	0	0.000187264	0	0	0.000128438	0	0	4.38775E-05	0	0	0.000204051	0	0	0	0	0	0	0.000258885	0.00026784	0	0.001833597	0.001610724	0	0.000681088	0	0	0	0
cefa_qacelta	3.05049E-05	0	0	0	0	0	0.001622135	0	0.002276795	0.001191593	0.000204551	0	0.009136061	0.000589038	0.002443104	0	0	0	0	0	0	0	0.000395974	0.000451332	0.000162522	0.000994379	0.000571862	6.48081E-09	0.004058514	0.001036788	0.000826299	0	0.002111193	0.000241016	0.000621732	5.66003E-05	0.000197234	0.000113236	0	0	0	0.00010422	0.000540747	0	0.000584874	0.000425959	0.001566416	0.000364406	0.004728637	0.002335802	0	0	0.000147524	0.000668812	0	0	0	0	0	0	0	0	0
cmlA1	0	0	0	0	0	0	0	0.002519788	0	0	0	0	0.000678135	0	0.000538425	0	0	0	0	0	0	0	0.000593264	0	0	0	0	0	9.48248E-05	0	0	0	0	0	0	0	0	0	0	0	0	0	0.000116135	0	0	0	0.000738914	0.000286951	0.000438753	0	0	0	0	0	0	0	0	0	0	0	0	0	0
cmlA5	9.89496E-05	0	0	0.000224434	0	0	0	0.002024515	0	0	0	0.000347308	0.001364074	0	0.000116171	0	0	0	0	0	0	0	0	0	0	0	0.000168206	0	0.000596898	8.85262E-05	0	0.000830757	0.000666487	0	0.000393735	6.69373E-05	0.000264591	6.65527E-05	0	0	0	0	0	0	0	0	0	0.000105106	0.000981786	2.44379E-05	0	0	0	0	0	0	0.000613481	0	0	0	0	0	0
cmlv	0.000173422	0	0.000227276	0	0	0.004319048	0	0	0.000622841	0	0.000676236	0	0.000163319	0.000100561	0.000412113	0	0	0	0	0.001384503	0	0.000664034	0	0	0.000191434	0	0	0	0	0.000127721	0.000195863	0	0	0.001683112	0.00137465	0	0	0	7.24206E-05	0.000625168	0	0	0.000335219	0.000314813	0	0	0	0.000197437	0	0.000320042	0	0	0	0	0.00050329	0.001761867	0	0	0	0.010476885	0	0.004728964	0
cmx	0.00122299	0	0	0.000428468	0.024914318	0.012844021	0.057686209	0.003207872	0.099403116	0.001380035	0.002977776	0.000364117	0.072082194	0.005045033	0.048871987	0	0.002183439	0.00805512	0	0	0.001779381	0.001572932	0.005434605	0.007261511	0.002629723	0.013376269	0.004024677	3.68109E-08	0.033387892	0.006475257	0.002683972	0.01134261	0.01313028	0.002628597	0.005774575	0.002431101	0.005703455	0.00342767	0	0.00220353	0.000565361	0.000727388	0.004498959	0.003540047	0.006221771	0.006652441	0.016967545	0.005190067	0	0.013138991	0.006002042	0.011067614	0.004744768	0.014848207	0.00092241	0	0	0	0	0	0.005301454	0	0
dfrA1	0	0	0	0	0.013219012	0	0.008418525	0	0	0	0	0	0.005578263	0.000349701	0.000423436	0	0.001086005	0	0	0	0.000789522	0.000137615	0	0	0.000106272	0.000544687	0.000359558	0	0.00130603	0	0.000387647	0	0.001513938	0.00041784	0.001112513	0.000116296	0	0.000179146	0	0.000536553	3.30892E-05	0.000134943	0.001672426	0	0.000556208	0	0.00062331	0.000432025	0.001024309	0.000992814	0	0	0.000302225	0.001139659	0	0	0	0	0	0	0	0	0
dfrA21	0	0	0	0.000118514	0	0	0.009439891	0	0	0	0	0	0.000824041	0.000567796	0.001191371	0	0	0	0	0	0	0	0	0	0	0	0	0	0.000270348	0	0	0	0	0	0	0.000286964	0	0	0	0	0	0	0	0	0.000465392	0	0.000413804	0	0.00058449	0.000338644	0.00137315	0	0	0	0	0	0	0	0	0	0	0	0
dfrG	0	0	0	0	0	0	0	0	0	0	0	0	0.000709679	0.000203878	0.000794687	0	0	0	0	0	0.001334243	0	0	0	0.00017281	0	0.000402916	0	0.004395467	0	0	0	0.000419141	0	0	0	0.000334451	0.000151616	0.000406714	0	0	0	0.000605097	0	8.40021E-05	0	0.000903922	0.000220943	0.00116321	0.000577072	0	0	0	0.000829112	0.000303695	0	0	0	0	0	0	0	0
EreA	0.000292175	0	0.000421353	0.000520545	0	0	0	0	0.00087737	0	0	0.000633826	0	0	0	0	0	0.000532996	0	0	0.001234329	0.001056394	0	0	0	0	0	0	0	0	0	0.001614154	0.000363715	0.000626366	0	0.000146492	0	0	0	0.000149104	0.000163704	0	0	0	0	0.000441602	6.79135E-05	0.000130336	0	0	0.000814883	0	0	0.000308682	0	0	0	0	0	0	0	0	0
Erm(35)	0	0	0	0	0	0	0.002219601	0	0	0	0	0	0.000273126	0	0	0.001347302	0	0.00070152	0	0	0	0.000374269	0	9.64526E-05	0	0	5.8174E-05	1.29248E-09	0	0	0	0.000856886	0	0	0	7.49879E-05	0	0	0	0	0	0.000501433	0	0	0	0	0.000108845	0	0	0	0	0	0	0	0.000180147	0.000488172	0	0	0.000578117	0.016338312	0.001146188	0	0
Erm(36)	0.000350523	0	0	0	0.004626249	0.004252409	0	0	0.004466106	0	0.000970405	0.001810865	0.002092768	0.0029555	0.006678732	0	0.0080662	0.000756067	0.00037875	0	0.000893635	0.000281054	0.001055942	0.001459836	0.001005194	0.000797012	0.001173962	2.7214E-08	0.000994936	0.000295657	0	0	0.004211686	0	0.009832637	0.000963206	0	0.000686501	0.000986327	0.002554665	0.000142468	0.001713626	8.35969E-05	0	0	0.000546915	0.00053718	0.000994784	0	0	0.002115865	0.001479255	0.000336141	0.001173613	0	0	0	0	0	0	0.001362332	0	0
Erm(K)	0	0	0	0	0.003371173	0	0	0	0	0	0	0	0	0	0	0	0.000253105	0	0.000424151	0	0.00088501	0.000152968	0	0	0	0	0	0	0	0	0	0	0	0	0	0	0	0	0	0.00017848	0	0	0.000131954	0	5.95055E-05	0	0	0	5.63721E-05	0	0.000415991	0	0	0	0	0	0	0	0.000695738	0	0.001178374	0.00401432	0
erm(O)	0.000294196	0	0	0	0	0	0.010407538	0	0.006207089	0	0.000453444	0	0.002091915	0	0.011248821	0	0.000957606	0.004554902	0	0	0.000253963	0	0	0.000224952	0	0	0	0	0.002752447	0.000797794	5.34136E-05	0.00188091	0	0.00060803	0.001275801	0	0	0	0.000284226	0	0.00026401	0.000227528	0	0	6.67443E-05	0.001283766	0	0.000135046	0	0	0	0	0	0.001246832	0	0	0	0	0	0	0	0.023222502	0
ErmB	0	0.005106708	0.000443457	0	0.034428968	0.005174996	0.017491901	0	0.005129972	0	0.001323988	0	0.005436821	0	0.002948119	0.005726035	0.001229283	0.000848047	0	0	0	0	0.001771165	0.000410215	0	0.003535843	0.001768732	6.0791E-08	0.051694103	0.005159006	0.001744826	0	0.005707672	0.001785143	0.005279089	0.001523832	0.001382898	0.000702902	0.000236892	0.000634124	0	0.000327745	0.003446022	0.001842243	0.002780078	0.002341375	0.015652763	0.004447726	0.009536434	0.007731878	0.012451337	0.003943955	0.000385953	0.003280908	0.00073503	0	0.001409019	0	0	0	0	0	0
ErmE	0	0	0.000914903	0.000252514	0	0	0	0.000714149	0.000929093	0	0.000370283	0	0.000258255	0.000339227	0	0	0	0.000507577	0.000999413	0.002967324	0.00118112	0.000504285	0.000934913	0.000476208	0.000248881	0	0.000338876	2.50308E-08	0.000516404	0.000237013	0	0.000809021	9.93372E-05	0.000714658	0	0.000504389	0.00128627	0.000331898	0	0.000254549	0	0.000531034	0.000375331	0	0	0.000494956	0.000559885	0.00067799	0.000569717	0.000525988	0	0.000573602	0.000799091	0	0	0	0	0.00118664	0.00066908	0	0	0	0
ErmF	0	0.002045785	0	0.00094495	0.008048445	0.003598355	0.005369304	0.00383009	0.003337367	0.005157117	0.000840669	0	0.006940999	0.000533416	0.002517404	0	0.00070588	0	0.00080318	0	0.001363	0.000199848	0.0023268	0.000220329	0.000530993	0.000690067	0.001011072	3.11775E-08	0.001875279	0.000943346	0	0.000861914	0.002518639	0.001236497	0.004454736	0.001495406	9.1002E-05	0.000568612	0.000233141	0.001281843	0	0	0.001373112	0.001424374	0.001372439	0.001663267	0.004939819	0.002186623	0.003851581	0.002224652	0.0011766	0	0	0.000700605	0.000346604	0.002492677	0.001008972	0	0	0	0	0	0
ErmG	0	0	0	0.001256481	0.004985239	0	0.013069742	0	0.014171473	0	0.001011407	0	0.002474321	0.000422787	0.002522923	0.003862264	0	0	0	0	0	0	0.002380811	0.000220144	9.76918E-05	0.000438692	0.000118529	0	0.001186853	0.00051429	0.00012414	0	0.000245031	0.000141807	0	0.000367798	0.000211515	0.00083688	0	0.000309279	0	0	0.000166133	0.000668429	0.000391222	0.000951008	0.000729224	0	0.000834893	0.000530931	0	0	0	0	0	0	0	0	0.000873271	0	0	0	0
ErmQ	0.000227804	0	0.000442769	0.000426404	0	0.017345587	0.014583609	0.005249996	0.021033716	0	0	0	0.004658284	0.002178888	0.004075961	0	0.00206885	0.003701928	0.000289869	0	0.005038764	0.0001071	0.000154606	0.001564296	0.000732835	0.003351807	0.00247574	3.09697E-08	0.048794739	0.002048783	0.000439353	0.011758177	0.005783597	0	0.009121116	0.001632815	0.002724733	0.00103012	0.000746126	0.000708929	0.000249908	0.000126622	0.003354679	0.001661476	0.003404803	0.002265328	0.014431783	0.0044592	0.009668898	0.005755459	0.002439125	0.002339629	0.001244767	0.003932937	0.000557754	0	0	0	0	0	0	0	0
ErmX	0.000151394	0	0	0	0	0	0.016016662	0	0.00921268	0	0	0	0.008022967	0	0.007454594	0	0.001140392	0.001444828	0	0	0	0	0.002073973	0.001036674	0	0	0.000650194	9.96213E-09	0.006213653	0	0.000878153	0.001177235	0.000857135	0.001194131	0.00197748	0.000921041	0.000240307	0.001184241	0.000313686	0	9.14892E-05	0.000826356	0.001256768	0.001205019	0.000324046	0.001357335	0.002408519	0.001754737	0.002994319	0.001804446	0	0	0.002125387	0.002677565	0	0	0	0	0	0	0.002540604	0.008923372	0
floR	8.82679E-05	0	0	0	0	0	0.005308637	0	0.007032116	0	0.000377119	0	0.013087178	0.001285808	0.005854583	0	0	0.003743536	0	0	0	0	0.000853896	0	0.000385771	0.001894982	0.001842803	0	0.001367452	0.000806711	0.000619627	0	0.002462555	0.00054561	0.001635762	0.00093748	0.00013419	0	0.00018306	0	0	0	0	0	0.000474226	0	0.006274816	0.002183846	0	0.001975691	0.001644599	0.003896673	0.002128825	0.003638296	0.001040066	0	0	0	0	0	0	0	0
IncP_oriT	0.000367724	0	0.001246746	0.000112158	0	0	0	0	0	0.000973278	0	0	7.04552E-05	0.000265951	0	0	0	0	0	0	0	0.000195135	0.000579565	0.000198168	0.000382093	0.000603119	0.000854586	0	0	0	6.08128E-05	0	0	0	0.000243445	0.000104475	0.000746481	3.16995E-05	0.000346556	0	0	0	0	0	0	0.000260149	9.88772E-05	0	0.001622079	0	0	0	0	0.00030056	0.000806889	0.000857377	0	0	0	0	0	0	0
intI1_337old	0	0	0	0	0	0	0.017408245	0.003762123	0.012967492	0.017607674	0.002466692	0	0.015736024	0.001369219	0.009565067	0.014668881	0.002117181	0.001774594	0.006883701	0.011150183	0.004366807	0	0	0.002398872	0.000933196	0.00212759	0.001399397	6.00431E-08	0.002735615	0.002081091	0.002012329	0	0.001261543	0.000436935	0.004092861	0.000509882	0.000815868	0.000978259	0.000192078	0.000682854	0.000236448	0.000172322	0.001669437	0	0.001389697	0.001100878	0.003757396	0.000855916	0.011181884	0.002692682	0.003036519	0.002011287	0.002838958	0.008331688	0.001719139	0	0.009445827	0	0.003681731	0	0	0	0
IS1247	0	0.004444409	0.004616704	0.001754482	0	0	0.003627981	0.003187594	0.0020735	0	0.001064084	0.002323973	0	0.004570471	0.004758324	0	0	0	0.001058798	0	0	0.000678641	0	0	0	0.00238999	0	0	0.000669431	0.000231115	0	0	0.001130571	0	0	0.000769115	0	0	0.000309947	0.003487209	0	0.000710444	0	0.000636036	0	0	0	0	0	0	0	0.004354938	0	0.000306176	0	0	0	0.002045177	0	0.011091829	0	0.010469767	0.008298813
IS256	0	0	0	0	0	0	0.010136429	0	0.005161536	0	0	0	0.004679441	0.001736529	0.005153164	0	0	0	0	0	0.002718905	0	0	0.000552226	0	0.000211796	0.000155352	0	0.004695891	0.000628112	0.000910376	0	0.003404733	0.000998606	0.000588838	0	0	0.000509569	0	0	0	0	0.00049387	0	0.001249341	0.003436537	0.004720283	0.001731522	0.004961603	0.001573128	0.005420995	0	0.001214496	0.000605289	0.000837655	0	0	0	0	0	0	0	0
IS26	0.00016068	0	0	0	0	0	0.00224227	0	0.004056748	0	0.001517498	0	0.002596833	0.00220894	0.002740495	0	0	0	0	0	0	0.000522956	0.000418718	0.000975392	0	0.001238993	0.000107014	4.11568E-09	0.002172441	0.000242443	0	0.00129651	0.002742711	0.00011939	0.001248332	0.000483387	0.000730949	0.00036451	0	0	9.4994E-05	0.002107813	0.000242914	0	0.001072186	0.001046654	0.004276682	0.000705578	0.013548213	0.001439518	0	0	0	0.00034136	0	0	0.002218651	0	0	0	0	0	0.003562903
IS6/257	0	0	0	0.000652759	0	0	0.011279712	0.006888601	0.018395305	0	0.001271929	0.001176714	0.00326188	0.001901866	0.007686666	0	0.002379315	0.001592854	0	0	0.00344576	0.001160521	0.001555009	0	0.000973043	0.001691632	0.000501211	5.29776E-09	0.008730638	0	0.000808993	0.006216014	0.005560336	0.001106229	0.002151815	0.002470359	0.001403182	0.004095831	0.000126286	0.0005911	0	0.001701653	0.002015543	0.001518882	0.000419271	0.002857255	0.002852877	0.001230728	0.003704	0.0036622	0	0	0.001665521	0	0	0	0	0	0	0	0	0	0
IS6100	0.001409282	0.006520592	0.001315782	0	0.019415116	0.065107647	0.042808105	0.023471022	0.070778605	0.027264027	0.021163427	0	0.071820761	0.023969115	0.052388625	0	0.011208874	0.00793862	0.014546081	0.019514076	0.009557537	0.004482641	0.010374663	0.007558402	0.002007303	0.014519979	0.006354246	1.35649E-07	0.025135585	0.00862329	0.001034099	0.001742104	0.012808846	0.011991624	0.008609303	0.007538536	0	0.00511059	0.004208603	0.011973993	0.000179347	0.005301088	0.007106193	0.001694428	0.012553245	0.007824669	0.021093663	0.002466692	0.031911117	0.009945623	0.013153066	0.016259793	0.008801912	0.005887149	0.003787311	0.004578909	0.017014845	0.001779504	0.010386208	0	0	0.006007683	0.006663095
IS613	0	0	0	0	0.006439038	0.008240394	0.003029751	0.001634813	0	0	0.000910137	0.001128005	0.000788208	0.001726852	0.002326671	0	0	0	0	0	0.000763166	0.000862796	0	0.002186729	0	0.001954663	0.000652547	2.91581E-08	0.001244131	0.003451191	0.001546012	0.002385338	0.003475978	0.000682123	0.004311804	0.001164078	0.000191524	0.000471778	0	0.000556135	0	0.000367237	0.001687221	0	0.001745296	0.00056939	0.004910119	0.004399932	0.00193031	0.005301308	0.001621978	0	0.002068264	0.002222578	0	0	0	0	0	0	0.002216415	0.008481038	0
IS630	0	0	0.000121763	0	0	0	0	0	0	0	0	0.00043682	6.25533E-05	0	0	0	0	0	0	0	0	0.001114674	0	0.000188732	0	0	0	7.04237E-09	0	0	0	0	0	0	0.00017062	0	0	0	0	0	4.8651E-05	0	0.000119013	0	5.75024E-05	0	0	7.56768E-05	0.000105248	2.58904E-05	0	0	0	0	0	0	0	0	0	0	0	0	0
ISPps1-pseud	0.001536749	0.002509921	0.001329974	0.003015574	0	0	0.005975029	0.01414966	0.009461173	0.012714345	0.003309977	0.003146835	0.002625403	0.002032825	0.003313683	0.006845671	0.004169135	0.017356973	0.005434455	0.00627577	0.013330793	0.003521243	0.003292236	0.003218392	0.001432129	0.003279412	0.002737014	3.32408E-08	0.000862778	0.000337754	0.001397195	0.003538018	0.002167315	0.001840653	0.002439832	0.002185446	0.002313002	0.001379148	0.00125144	0.0015047	0.000362153	0.00113054	0.001051153	0	0.001771605	0.000453645	0.000860784	8.12939E-05	0.000772688	0.000297566	0.000942102	0.001729275	0.003319732	0.000974025	0.003134707	0.003039751	0.015071935	0.002272569	0.010264954	0	0.008701498	0.040251957	0
ISSm2-Xanthob	0.003733722	0	0	0	0.005405477	0	0.005265323	0	0.005468006	0.020584106	0.002270497	0.008122617	0.004819622	0.007809226	0.008627818	0.003427978	0.011853756	0.002078447	0.012584762	0.003524723	0.018169124	0.003527037	0.006435347	0	0.002043568	0.006311288	0	2.34589E-08	0.00029977	0.001400374	0	0	0.005086148	0	0.010345679	0.001886544	0.004323764	0.00107055	0.001427033	0.006066148	0.000573147	0	0.001675548	0	0	0	0.000504741	0.000637607	0.013929419	0	0.001184363	0.002055559	0.002593301	0	0.000237303	0.001018376	0.006178087	0	0	0	0	0	0
lnuA	0	0	0	0	0.006383987	0	0.010097224	0.001122478	0.020674594	0	0.000643741	0	0.020532413	0.002036268	0.003558558	0.004627463	0.000508556	0	0	0.005241734	0.003618995	0.000253666	0.002232796	0.000714115	0.000694572	0.002457016	0.002178994	3.67913E-08	0.005918791	0.001889949	0.000226067	0.003337621	0.006271739	0.000527841	0.002484803	0.000935908	0	0.001417317	0.0005851	0	3.93668E-05	0.000788018	0.006485508	0.003977169	0.002137696	0.003645692	0.010116563	0.003916833	0.00589256	0.006859587	0.005687128	0.005526867	0.00068499	0.006229985	0.001686231	0.000671098	0	0	0	0	0	0	0
lnuB	0	0	0	0	0	0	0.011420997	0	0	0	0	0	0.001043694	0.000581357	0.000645058	0	0.000315533	0.000441684	0	0	0	0	0	0	0	0	0.000225235	0	0.004041867	0.000581932	0	0	0.001082635	0	0	0	0.001320991	0.000252434	0.000326631	0	0.000242741	0	0	0	0	0	0.001057599	0.000774628	0.000437056	0.000613854	0	0	0	0	0	0	0	0	0	0	0	0	0
mdtG	0.000310991	0	0.001329156	0.002316232	0	0.001151259	0	0.003238553	0	0.002493245	0	0.000544597	0	0	0	0	0	0	0	0.005693928	0	0.002008982	0.000521009	0.004407842	0	0.000268559	0	1.87719E-08	0.000177064	0.000169044	0	0.000711594	0.000258446	0.000456647	0.00029531	0	0.00046492	0	0.000227754	0.000773692	8.43935E-05	0	0.000404285	0.000171976	0	0.000807118	0	0.000498491	0.000534057	0	0.000244836	0.001366413	0	0	0	0	0	0	0	0	0	0.004269451	0
mel_1	0	0	0	0	0	0	0	0	0.000990547	0	0.000159007	0	0.000476722	0.000149692	0	0	0	0	0	0	0	0	0.000284275	0	0	0.00016143	0.000273409	0	0.000121264	0	0	0.001295758	0.000239384	0	0.000305962	0	0	3.40816E-05	0	0	3.5573E-05	0	0.000150498	0	0	0	0.000354635	8.74692E-05	0.000565631	0.000370895	0	0	0	0.000908103	0.000203182	0	0.001305957	0.000705159	0	0	0.002071796	0	0
mepA	0	0.000736275	0	0	0	0.002798401	0	0	0	0	0	0	0.003338659	0	0.000431763	0.004218296	0	0	0.001247116	0.00559111	0	0	0	0	0	0	0	0	0	0.000162455	0	0	0	0	0	0.000176621	0	0	0	0	0	0	0	0	7.69419E-05	0	0	6.17573E-05	0	0	0	0.003303262	0.000497294	0.000960455	0	0.000654954	0.002124991	0.000713543	0	0	0	0.011913353	0.004819478
MexE	0	0	0	0.000302838	0	0	0.002172741	0	0	0	0	0	0	0	0	0	0	0	0	0	0	0	0	0.000152847	0	0	0	2.83105E-09	0	0	0	0	0	0	0	0	0	9.13402E-05	9.82012E-05	0	0	0	9.66594E-05	0	6.4221E-05	0	0	9.70407E-05	2.03264E-05	0	0	0	0.000128108	0	0	0	0	0	0	0	0	0	0
MIR beta-lac	5.41862E-05	0	0	0	0	0	0	0	0	0	0	0.000471951	0	0	0	0.012542064	0	0.001132353	0	0.002961345	0.000555152	6.82314E-05	0	0	9.42423E-05	0	0	0	5.9393E-05	0	5.18089E-05	0	0	0.000134862	0.000248431	0	0.000532326	2.7829E-05	0.000220843	0	0	0	0	0	0	0	0	0.000140082	7.0049E-05	8.91972E-05	0.000388743	0	0	0	0	0	0	0	0.000476877	0	0	0	0
mphA	0.000200106	0	8.86811E-05	0	0	0	0	0.000686828	0	0.002948526	0.000422583	0	9.10202E-05	0	0.000134034	0	0	0	0	0	0	9.56742E-05	0	0	0.000202101	0.000193272	9.73267E-05	0	0	0	0	0	0	0	0	0.000743502	0.000192237	0	0.000688709	0	0.00111782	0	0.000158408	0.00025642	0	0	0.00010944	0	0.000557643	0	0	0	0	0.000690682	0.000315505	0	0	0	0.000659754	0	0	0	0
msrE	0	0	0	0	0	0.015960004	0	0	0	0	0	0	0.002815581	0	0.002655902	0	0.006949971	0	0	0	0	0.001067124	0	0.000716021	0.001358376	0.001530541	0.013140443	3.64032E-08	0.000393224	0.002094937	0.001683996	0	0.007036926	0.000171154	0.003610755	0.001484229	0.000592588	0.000216951	0.000414268	0.003461362	0	0	0.000725897	0.001113381	0.000187421	0.000865332	0.001417503	0.001210434	0.006755803	0.000866158	0.00221065	0.005646808	0	0.005152986	0	0	0	0	0	0	0	0	0
oleC	0	0	0	0	0	0	0	0	0	0	0	0	0.000123518	0	0	0	0	0.00193159	0	0	0	0.000287313	0	0.000609691	0	0	0.000111995	0	0	0	0	0	0.000565635	0	0	0	0	0	0	0	0	0	0	0	0	0.000192955	0.000127647	0	0.000375912	0	0	0.000855077	0.000287657	0	0.000477704	0	0	0	0	0	0	0	0
OprD	0.001830788	0	0.001886336	0.000229022	0	0	0	0	0.001331233	0	0.000338186	0	0.000431545	0.00045749	0	0	0	0	0	0	0	0.000219203	0	0.000559004	0	0.000135393	0	9.78176E-09	0	0	0.000173857	0	0.000164132	0	0	0.000234188	0.000518814	0	0	0	8.60167E-05	0.000158956	9.53819E-05	0	0.000232432	0	4.93435E-05	0.000128759	0	4.75345E-05	0	0	0.000784585	0.000160397	0	0	0.000823103	0	0	0	0	0	0
optrA	0.00051638	0.014412257	0.000702931	0.001009983	0.027414353	0.034414939	0.015036266	0.009629439	0.020766485	0.011248743	0.001481167	0.005696368	0.005341337	0.001223083	0.004341722	0.055079121	0.00548973	0.013389951	0.005860329	0.01781148	0.003752364	0.001389409	0.005658561	0.002441906	0.001071882	0.002686625	0.000717537	1.97855E-08	0.006003078	0.004687141	0.000826818	0.012256346	0.002804207	0.003174103	0.01418205	0.001619012	0.00238221	0.000688039	0.000676245	0.001595277	0.000441199	0.000473018	0.002224436	0.007467995	0.000857976	0.004154904	0.005703376	0.001768439	0.003376067	0.003994873	0.007468872	0.008341074	0.003490077	0.002982057	0.003368356	0.009835558	0.008729191	0.006038513	0.006698507	0.088817425	0.01491925	0.075561401	0.078614744
OXY-1-1	0.000633585	0.011270443	0	0	0.018252149	0	0.013257511	0.007537338	0	0.015715927	0.001400064	0.007180654	0	0	0.001053326	0.023650047	0.003432575	0	0.004333213	0.020814309	0	0.002414766	0	0	0	0.001607556	0.000926484	0	0	0	0.000413699	0.00596814	0	0	0	0.000656535	0.001618196	0	0	0	0.000442347	0.000775452	0.000848252	0.002148221	0	0.001885502	0.000912883	0.001396819	0.001057314	0.001074425	0	0.008026958	0.001977439	0	0	0.006648995	0	0.005330169	0.00693405	0.048570903	0.012402493	0.056003349	0.043564226
qacA_B	0	0	0	0	0	0	0	0.003031929	0	0	0.000734005	0	0	0.000183838	0	0	0	0	0.000513963	0	0	0.000138746	0.000488952	0.00037614	0	0	0	9.66258E-07	0	0.086697984	0	0.093055918	0.028475345	0.050464852	0	0	0	0.000160097	0	0	0	0	0.022256148	0.001025123	0.026677369	0.000195425	0.04113912	0	0	0	0	0.001737465	0	0.001441587	0	0	0	0	0	0	0	0	0
qacF_H	0.000729179	0	0.000498215	0.000653517	0.013034309	0.012732363	0.028426213	0.007088299	0.014635178	0	0.004123396	0.001642124	0.042664926	0.004671109	0.013198665	0.004913885	0.003905081	0.001504482	0	0	0	0.00137872	0.003504233	0.002574898	0.000218417	0.004688987	0.002526114	2.86288E-08	0.007710916	0.002589685	0.00014684	0.003065392	0.004876992	0.000948436	0.007594514	0.001187107	0.000688624	0.00239255	0.000935378	0.001583693	4.96615E-05	0.001456773	0.002756405	0.00044025	0.002889289	0.001353758	0.007510105	0.001381914	0.014161003	0.002960547	0.004297917	0.005945878	0.003218281	0.003478884	0.001583562	0	0	0	0	0	0.004986892	0	0
qacH_351	0.000532124	0	0.000198645	0.000668678	0.028805738	0	0.034968017	0.008989447	0.037233083	0.001989345	0.002080961	0.001794143	0.040638344	0.005165745	0.020682022	0	0.003912127	0.003909615	0.000616829	0	0.000571605	0.001121502	0.002844553	0.002447209	0.001657441	0.005662862	0.003130185	2.91788E-08	0.012263375	0.004830855	0.002417937	0.002155892	0.007436696	0.00324424	0.00667435	0.001236727	0.002434664	0.002135556	0.001193966	0.002811791	0.000522418	0.000698493	0.003013971	0.000766426	0.004127043	0.004648866	0.006527036	0.001323348	0.016135373	0.005621665	0.006575004	0.005475831	0.002160529	0.00243739	0.000284946	0.001374137	0	0.001938849	0	0	0	0	0
QepA_1_2	0	0.00309471	0.011654993	0	0	0.002106619	0.001377949	0	0.003074213	0.008893281	0.003488221	0.022709784	0.002587522	0.001332355	0	0.004217014	0	0	0.001634847	0	0	0.001104725	0.002239948	0	0.001278015	0.001401826	0.000837921	3.765E-08	0.000649682	0.000522855	0	0	0	0	0	0.000672899	0	0.001307781	0.000628489	0.000932211	0.000254736	0.001523327	0.001575466	0	0.001494631	0	0.0006836	0.001133786	0.001109704	0.000842896	0.000926427	0.003607215	0.001244045	0	0.000432046	0.001548899	0	0.00421748	0.001359352	0	0.000783718	0	0
QnrB4	0	0	0	0	0	0	0	0	0	0	0.000233774	0	0	0.00013674	0	0	0	0	0	0	0	0	0	0	0	0	0	4.34574E-09	0	0.000304659	0	0.000600268	8.60476E-05	0	0	0	0	0	0	0	0	0.000100591	9.24817E-05	0	0.000241556	0.000197746	0	0.000104008	0	8.37136E-05	0.001031352	0	0.000489773	0	0	0	0.00052201	0	0	0	0	0	0
ROB-1	0	0	0	0	0	0	0	0	0	0	0	0	0.000172041	0.000303768	0	0	0	0	0	0	0	0.000165316	0.000559935	0.000258662	0.000119884	0	4.01209E-05	2.17306E-09	8.73967E-05	0	0	0.000449819	0	0.000534032	0.033888395	0	0	0	0	0	0	0	0.000149255	0	6.87148E-05	0	4.8496E-05	0.000104435	3.0198E-05	0.000415448	0	0	0	0	0	0	0	0	0	0	0	0	0
str	0	0	0	0	0	0.009870201	0	0	0	0	0.000814483	0	0.011410981	0	0.00054383	0	0	0	0	0	0	0	0	0	0.000290952	0	6.13084E-05	1.96776E-08	0.001849971	0.000683798	0	0	0.004138491	0.000492491	0	0.000278112	0	0	0	0	0	0	0.000705174	0	0.000747343	0.000649458	0.001831547	0.000320051	0.0015806	0.00191546	0.00682565	0.000936736	0.001033106	0	0.001865447	0	0	0	0	0	0	0	0
sugE	0.00023225	0.006655658	0	0.000339403	0.00363267	0.011859162	0	0.002736031	0.003022143	0.006361448	0.000671701	0.001511774	0.000289677	0.000666368	0.000750017	0.004021286	0.001289437	0	0.002747717	0.012225313	0.002281203	0.000378081	0.000678603	0.000474091	0.000292646	0	0	8.14492E-09	0	0.000616242	0	0	0.000491088	0.000928714	0.000419022	0.000215277	0.002861284	0.000436709	0	0.000382785	0	0	0.000168262	0.002198528	0	0.000396089	5.39752E-05	0	0	0	0	0.00655899	0.00073712	0.001482446	0.000801512	0.003616571	0.003600593	0.002556713	0.00393147	0.018553856	0.003997993	0.015418602	0.031303436
sul1	0.000611615	0	0.000329147	0.00059128	0.019495618	0.006335925	0.046683564	0.007678705	0.027224317	0.006125055	0.004911103	0	0.038947537	0.004560632	0.017849416	0.005707278	0.005041236	0	0	0	0	0.00031742	0.004442629	0.003570697	0.001628928	0.007394639	0.003845599	1.1037E-07	0.015307914	0.003287237	0.000474003	0.009295848	0.008576478	0.002027734	0.005259725	0.001941489	0.001019291	0.001640004	0.000955994	0.005507544	0.000315494	0.001118709	0.005634495	0.000630002	0.004720902	0.004961226	0.007828346	0.003677435	0.02454042	0.007063907	0.005004008	0.00362485	0.004082047	0.004147391	0	0	0.001165293	0.002581184	0	0	0.002262294	0	0
sul2	0	0	0.000268431	0	0	0.006039306	0	0	0	0.005042838	0.002747186	0.002660529	0.012675322	0.002509591	0.005376764	0.013959087	0.002502217	0	0	0	0	0.00072871	0.001848247	0.000971894	0.001209531	0.00445609	0.00407084	3.32457E-08	0.002946246	0.000415543	0.001676695	0.003709198	0.003286329	0.002618919	0.002623228	0.001094826	0.00041669	0.000329789	0.000543023	0.001235225	0	0.000269005	0.001279119	0	0.001080244	0.001872846	0.003989303	0.002685808	0.012981922	0.001886466	0.000927413	0.002762924	0.002260013	0.003063762	0.000378099	0	0	0	0	0	0	0	0
tet(44)	0	0	0	0	0	0	0.00883743	0.004112813	0.005809222	0	0	0	0.000155644	0	0	0	0.000613121	0	0	0	0	0	0	0.000142108	0	0	0.000187351	2.0779E-08	0.00246009	0.00090444	0	0.001687722	0.001738809	0.001006389	0	0	0.000515538	0	0	0.000356518	0	0	0.00037638	0	0.000479327	0	0.003276899	0.00066089	0.000794709	0.001702229	0	0.002148518	0.000757138	0.002372734	0	0	0	0	0	0	0.005214252	0	0
tet32	0	0	0	0	0.004964929	0.039967686	0.008419048	0.009412739	0.004977084	0.002151295	0.000430289	0	0.001777747	0.001870816	0.002551702	0	0.001705631	0	0	0	0.001145983	0.000262937	0.000636639	0.000529609	0.000925256	0.00337924	0.000954483	2.75809E-08	0.029571272	0.003348706	0.001224554	0.000957395	0.01080421	0.001517089	0.006872393	0.002328102	0.003561189	0.001090697	0.000149735	0.000301146	0.000213317	0.000431977	0.004316155	0.001895872	0.002166806	0.002546807	0.009586631	0.004126159	0.001278421	0.005665171	0.001230643	0	0.005425565	0.001281782	0.001456663	0	0	0	0	0	0	0	0
tetA	0	0	0	0	0	0	0.005027291	0	0	0	0	0	0.000904066	0.000709013	0.000756218	0	0.000402196	0.002126532	0	0	0.00116742	0	0	0	0	0.000426292	0	0	0.026259594	0	5.89963E-05	0.000870585	0.000149501	0	0.000811882	0	0	0	0	0	0	0.000388145	9.60995E-05	0	0	0.000116879	0.000241249	0	0	0	0	0	0	0	0.000154883	0	0	0	0	0	0	0	0
tetB(P)	0	0	0.000187816	0	0	0.003027638	0	0.002171391	0	0	0	0	0.00150878	0	0.000332394	0	0	0	0	0	0	0	0	0	0	0	7.74046E-05	0	0.001390465	0.000675867	0	0	0.00074802	0	0.000786462	0.000180059	0.000598913	0	6.40102E-05	0	0.00018606	7.54993E-05	0.000423582	0	0.000217712	0	0.000641105	0.000635255	0.000428663	0.000327012	0	0	0.000657561	0	0	0	0	0	0	0	0	0	0
tetD	0.000623512	0.000788938	0.000182089	0.000468903	0	0	0	0	0.000688324	0	0.0003483	0.000338935	0	0	0	0	0.000188686	0	0	0	0.0023056	6.89725E-05	0	0	0	0	0	0	0.037762001	0	0.135436899	0	0	0	0	0	0.000108808	0	0	0	0.000723679	0	0	0	6.30674E-05	0	0	8.2877E-05	7.01173E-05	0	0	0	0	0	0	0	0	0	0	0	0	0	0
tetG	0.000466132	0.001054681	0	0.000208239	0	0	0	0.003476506	0.002637855	0	0.000141081	0	0	0	0	0	0	0	0	0	0	0	0.001122952	0.001184004	0	0	0.000410119	0	0	0.001010604	0.000105186	0.001508707	0.000373296	0.002814725	0	0.000437935	0	0.000314876	7.06985E-05	0.000686605	8.53503E-05	0	0.000359891	0	0.000808206	0	6.6404E-05	9.47764E-05	0.003367914	0.000113025	0.001321658	0	0	0	0.00022985	0	0	0	0	0	0	0	0
tetL	0	0	0	0	0.021320432	0.03872086	0.01795366	0.008502859	0.012957464	0	0.001188749	0	0.003272917	0.000383725	0.003630689	0	0	0.007393311	0	0	0.001344643	0.000161278	0	0	5.34387E-05	0.00089035	0.000835453	1.6968E-08	0	0.003355189	0.010352757	0.003047214	0.004910662	0.00039116	0.007825642	0.001923481	0.002740855	0.001810289	0.000291143	0.00052653	8.98415E-05	0	0.00240995	0.001974586	0.001694182	0.001956987	0.010244836	0.002823527	0.005808259	0.003972034	0.002389775	0.001420689	0.000880254	0.001331601	0.00121604	0	0	0	0	0	0	0	0
tetM	0	0	0	0	0	0	0.031470888	0	0	0	0	0	0.002552866	0.001720648	0.000540848	0	0	0	0	0	0	0	0	0.00105132	0	0.001626522	0.001051044	1.07824E-08	0.005159647	0.001664175	0.000488179	0.006926965	0.001490116	0	0.002299032	0.000617298	0	5.35096E-05	0.00013316	0.000761954	3.89134E-05	0	0.00143506	0	0.00099583	0.000994523	0.003261452	0.001430715	0.003032871	0.001578592	0	0	0.002449035	0.003701775	0.000527903	0	0	0	0	0	0	0	0
tetO	0	0.001691317	0	0	0.010990514	0	0.007289001	0.005104451	0.001589985	0.004383944	0.000872921	0	0.00173503	0.001053865	0.000278785	0	0.000544243	0.001441568	0.001161114	0	0.002109415	0.000355599	0.000547966	0.000963186	0.000437125	0.001275405	0.000616795	4.51951E-08	0.028753651	0.002822923	6.07813E-05	0	0.010342464	0.001653507	0.011261105	0.003691867	0.002852345	0.000979822	0.000250127	0.000928708	6.54612E-05	0.000472375	0.004954821	0.00322095	0.001380511	0.002203119	0.010891508	0.003019868	0.003592444	0.005791753	0.002842805	0	0.000964251	0.001768182	0.000570335	0.001083578	0	0	0	0	0	0	0
tetQ	0	0	0	0	0	0.00517278	0.008336121	0	0.002077399	0.000970915	0	0.000439627	0.001285071	0.000608993	0.000339174	0.015447706	0.001943046	0	0	0	0.001065393	0.000502543	0.001975759	0.001164054	0.000792987	0.001645951	0.000835118	1.12926E-08	0.001194255	0.001624378	0.000181534	0.002512523	0.005308857	0.002502269	0.001436557	0.000713016	0	0.000532639	0.00034518	0.001266957	0	0	0.001312052	0	0.001401303	0.001884356	0.00788762	0.003310823	0.002343382	0.00355497	0.000601679	0.001287336	0.001191503	0.002307656	0.001582873	0	0	0	0	0	0	0	0
tetR	0	0	0	0	0	0	0	0.004070137	0	0	0	0	0.000804152	0.000376094	0	0	0	0	0	0	0.005451374	0	0	0	0	0	0	0	0	0	9.08048E-05	0.000566973	0	0	0.000789767	0	0.000204023	0	0	0	0	0	0	0	0.000141553	0	0.000213547	0.000287611	0.000868164	0.000106827	0.000723234	0	0	0	0	0	0	0	0	0	0	0	0
tetW	0	0.007865584	0.000302903	0	0.019581186	0.031121319	0.035439534	0.012148202	0.008391701	0.015108523	0.004209476	0.001102521	0.004673078	0.00257168	0.006863047	0	0.001825736	0.002485885	0.000932397	0	0.006444289	0.00023954	0	0.002668038	0.000504522	0.00537539	0.001207486	1.01647E-07	0.049640255	0.009576372	0.000703446	0.016142842	0.021729013	0.004775579	0.027438035	0.003954977	0.005601238	0.001755549	0.001367329	0.00259409	0.000313679	0.000583542	0.005592384	0.006762714	0.0045115	0.007312452	0.024225124	0.010213039	0.008647389	0.013812427	0.00293404	0.051937495	0.007325091	0.007340793	0.002160499	0.002998935	0	0	0	0	0.003375693	0	0
tetX	0	0	0	0	0	0.003466554	0	0	0	0	0.00033246	0	0.009036391	0.000600944	0.002365794	0	0	0.001524548	0	0	0.001048238	0	0	0.000441916	0.000257521	0.000733873	0.000925001	2.39321E-08	0.001648557	0.000411803	0.000727322	0.000842913	0.001714123	0.00055762	0.000551342	0.000659872	0	0.000362073	7.00137E-05	0.000306005	0	0.000125511	0.000697615	0	0.000493581	0.00072251	0.000800068	0.000461585	0.00400435	0.000962474	0.000727317	0	0.000478536	0.00080206	0.000689561	0	0	0	0	0	0	0	0
tnpA-1	8.18048E-05	0	0	0.000298788	0.007313917	0.004831789	0.026490064	0.005159647	0.012582936	0	0.002538078	0	0.014828117	0.002131503	0.018234002	0.009975347	0.001524537	0	0	0.010060464	0.000849983	0.001473218	0.000406776	0.001424807	0.000949295	0.001008456	0.000825494	2.37516E-08	0.006150749	0.003324115	0.00057698	0	0.003841696	0.002366317	0.006151599	0.001213003	0.000681059	0.002212514	0.000453294	0	0	0.014929353	0.001154883	0.001384809	0.001366583	0.003231893	0.007729261	0.002231655	0.023276785	0.003751198	0.001585302	0.01141311	0.002407387	0.001210333	0	0	0	0	0	0	0	0	0
tnpA-2	0	0.003683588	0.001501813	0	0.047103372	0.015124604	0.080334297	0.022377162	0.082462975	0.030807751	0.015775314	0.026357912	0.076547498	0.019899996	0.050671995	0.036450795	0.012382633	0.013086003	0.014090941	0.029397541	0.009966393	0.004487289	0.013075882	0.007017461	0	0.014915747	0.005715326	1.45685E-07	0.025673259	0.005667558	0.001285444	0.017411132	0.010025291	0.011715613	0	0.004481279	0.004375775	0.005722555	0.004208051	0.008898381	0.001855462	0.00852091	0.007573559	0.002597586	0.010564428	0.007369041	0.01633917	0.005525378	0.032055607	0.011067843	0.016926455	0.008447768	0.009852354	0.013773173	0.001633921	0.007196992	0.015490128	0.006503138	0.00414977	0.009716261	0.022066477	0	0
tnpA-3	0.000133749	0	0	0.000302372	0.013309631	0	0.017145218	0	0	0.002969293	0	0.001336882	0.004166918	0.000534135	0.007799845	0	0.002144337	0.00042774	0.003551019	0	0.002418121	0.000472023	0.00131072	0.00026832	0.000306343	0.002370129	0.000634799	1.15007E-08	0.003063973	0	0.000694452	0.000885181	0.002721009	0	0.000542951	0	0	0.000265283	0	8.82125E-05	9.47737E-05	0	0	0	0	0.000737354	0.003974697	0	0	0.002039605	0.001455737	0	0.00044059	0	0	0	0	0	0	0	0.002238479	0	0
tnpA-4	0.000150197	0	0	0	0.010639862	0	0	0.001574693	0.00504981	0.003385782	0.00053143	0.003744545	0.00052016	0.002316344	0.000830711	0.009883164	0.004199543	0.006033051	0.005347059	0.039272812	0.001355882	0	0	0	0	0.000337058	0.000264558	0	0	0.000756322	0	0	0.000246191	0	0	0.000203077	0.000384309	0	0	0.000373505	0.000135617	0.000790995	0	0	0.000214879	0	0	0.000247725	0	0	0	0	0.002095878	0.002655443	0.002926833	0.011640027	0.011827583	0.012616184	0.008265764	0	0.004373086	0	0
tnpA-5	0	0	0	0	0	0	0	0	0	0	0.000696638	0	0.001849128	0.000742152	0	0	0	0	0	0	0	0	0	0	0.000135565	0	7.86383E-05	0	4.44981E-05	0	0	0	0	0	0	0	0	8.89768E-05	0	0	0	0	0.000165711	0	0.000107153	9.63088E-05	0.000429668	0.000125497	0.000210734	0.000123012	0	0	0	0	0	0	0	0	0	0	0	0	0
tnpA-6	0.000117715	0.013234819	0.000148855	0	0.034241833	0.035241793	0.020974663	0.003409181	0.032841199	0.01433105	0.002435925	0	0.010669891	0.006784752	0.012929746	0	0.004116451	0	0	0.012518174	0.009391241	0.000904122	0.005865594	0.005235112	0.002869994	0.009715429	0.00935912	1.27682E-07	0.059512062	0.015301993	0.001131665	0.012977349	0.030785414	0.005426315	0.03581286	0.007048602	0.008389383	0.002648628	0.001551404	0.00161871	0.000470551	0.002564956	0.00774765	0.007193363	0.004424406	0.007148534	0.027057272	0.010474758	0.015111654	0.01818796	0.00761537	0.008957153	0.004558049	0.020859361	0.001738906	0	0	0	0	0	0.003880342	0	0
tnpA-7	0	0	0	0	0	0	0	0	0.003624099	0	0	0	0.000121736	0	0	0	0	0	0	0	0	0.00047247	0	0.000399969	4.77887E-05	0.00278831	0.006178044	0	0.000602869	0.00022419	0.000268061	0.001076148	0.00170002	0.001214538	0.004537504	9.93564E-05	0.00046373	0.00019055	0.000411919	0.000515984	0	0.000255626	0.000765796	0	6.49316E-05	0.000460512	0.001274726	0.000885952	0.000842087	0.000461098	0.00023463	0.003201341	0.0002634	0.000329088	0	0.002515718	0	0	0	0	0	0	0
tolC	0	0	0	0	0	0	0	0	0	0	0	0	0.000187113	0	0	0	0.000719537	0	0	0	0	0	0	0.00033548	0	0	0	2.52495E-09	0	0	0	0	0	0	0.000868404	0	0	0	0	0	0	8.37176E-05	0	0	0	0	0.000236141	0	0.000319452	0	0	0	0.000458677	0.000314361	0	0	0	0	0	0.006172984	0	0.009592659	0
Tp614	0	0	0	0	0	0.00895171	0.003666275	0.00763101	0.00291912	0	0.000310262	0	0.001031929	0.000846449	0.001673097	0	0	0.001549551	0	0	0	0.000513974	0.000465006	0.000313582	0.000313632	0.00224776	0.000673657	5.61253E-08	0.001733736	0.003133105	0.001066933	0	0.010645229	0.000877116	0.0050458	0.001332309	0.000827058	0.000556246	0	0.000563571	0	0	0.001204171	0.001634722	0.00144378	0.000437494	0.005576144	0	0.001610234	0.005229329	0	0	0.002151132	0.004039243	0.000194288	0	0	0	0	0	0	0	0
traN	0	0	0	0	0.003889708	0	0	0	0	0	0	0	0.000475682	0	0	0	0	0	0	0	0	7.62335E-05	0	0	0	0.000132311	0.000166293	4.38819E-09	0	0	4.61835E-05	0	0.000239077	0.000245177	0.000919052	0.000179563	0	0.00016235	0.000188505	0	0	0	0	0.000316349	0.00014247	0	0	9.69141E-05	8.47147E-05	8.01735E-05	0	0	0	0	0	0	0	0	0	0.004522933	0	0	0
trb-C	0.002560354	0.001946498	0.003959898	0	0	0	0.001372107	0.001619806	0	0.003430607	0.001448515	0.002650587	0.001042195	0.000727709	0.00102322	0.003209091	0.00118723	0	0.000476139	0.00608268	0	0	0	0.001514241	0	0	0	3.97636E-08	0.000784542	0	0.000844015	0.004089978	0.001593338	0	0.000626504	0	0	0	0	0.001334547	0	0	0.001178545	0.000818363	0.001756969	0	0	0.001808227	0.001301005	0.001270454	0	0.001448075	0	0.001998435	0.001299846	0.001300304	0.001088867	0.001776434	0.001712715	0	0.00283359	0.002973603	0
ttgA	0	0	0	0	0	0	0	0	0.004802971	0	0	0.001449886	0	0	0.000274162	0	0.001151895	0	0	0	0	0	0	0	0	0	0	0	0	0	0	0	0.000697379	0	0	0	0	0	0	0	0	8.56983E-05	0	0	0	0	0	0	0	6.11675E-05	0	0	0	0	0	0.002590669	0	0	0	0	0	0	0
vanA	4.46992E-05	0	0	0	0	0	0	0	0.00109916	0	0	0	0	0	0	0	0	0.002283142	0	0	0	0	0	0	0	0	0	0	0.015553495	0	0.0575648	0.001310938	0	0	0	6.0565E-05	0	3.30487E-05	0	0.00014949	0	0.000113653	0	0.051770219	0	0.02804665	0	0	0	0	0	0	0	0	0	0	0	0	0	0	0	0	0
vanYD	0	0	0	0	0	0	0	0	0	0	0	0	0	0	0	0	0	0.000530308	0.00072509	0	0.000859857	0	0	0	4.80963E-05	0.000240243	0	0	4.26381E-05	0.00020125	0	0	0.000158693	0.000235406	0	0	0	0	0	0	0	0.000307482	0.000126931	0.000356528	0	8.31482E-05	0	0	5.87941E-05	0	0.000984632	0.001145824	0	0	0.000314226	0.000927688	0.001662888	0.000531474	0	0.003723996	0	0.007257098	0.014520147
vatA	3.88674E-05	0.001163274	0	0	0	0.002192401	0	0	0	0	0.000349464	0.00058868	0	0	0	0.001543942	0.000275797	0.001636361	0	0.001386848	0.001796574	0	0	0	0	0	0.000152267	0	0	0	0	0.000461665	0.00034708	0.000221636	0	5.764E-05	0.000232207	0	0	0	0.000109274	0.000108191	0	0	0.000178137	0	0	0	0	0	0	0	0.000349134	0	0.000494632	0.002671302	0	0	0.002386525	0	0	0	0.003625117
vatE	0	0	0	0	0	0	0	0.00109584	0	0	0	0	0.000102659	0	0	0	0	0	0	0	0	0	0	0	0	0	0.000194357	0	0.001588898	0	0	0	0.000337794	0.00098328	0	0.000254493	0	0.000186793	0	0	0	0	0	0	0	0	0.000120125	0	0.000182249	0.000150569	0	0	0.00024733	0	0	0	0	0	0	0	0	0	0
